0	1.000000e+01	0.000000e+00	4	7	1
0	1.000000e+01	0.000000e+00	4	7	6
0	1.000000e+01	0.000000e+00	1	7	5
1	2.400000e+00	2.300000e+00	0	2	5
0	1.000000e+01	0.000000e+00	2	6	1
0	1.000000e+01	0.000000e+00	5	2	8
0	1.000000e+01	0.000000e+00	1	3	5
0	1.000000e+01	0.000000e+00	1	9	8
0	1.000000e+01	0.000000e+00	0	7	4
0	1.000000e+01	0.000000e+00	4	8	7
0	1.000000e+01	0.000000e+00	4	3	7
1	3.200000e+00	3.100000e+00	4	0	1
1	2.600000e+00	2.500000e+00	0	5	4
0	1.000000e+01	0.000000e+00	4	7	1
0	1.000000e+01	0.000000e+00	2	8	6
0	1.000000e+01	0.000000e+00	8	2	5
0	1.000000e+01	0.000000e+00	5	1	3
0	1.000000e+01	0.000000e+00	5	8	9
1	1.800000e+00	1.700000e+00	5	6	0
0	1.000000e+01	0.000000e+00	9	1	7
1	4.400000e+00	4.300000e+00	9	0	6
1	5.700000e+00	5.600000e+00	9	0	3
1	3.100000e+00	3.000000e+00	7	5	0
1	5.500000e+00	5.400000e+00	0	8	7
0	1.000000e+01	0.000000e+00	6	5	3
0	1.000000e+01	0.000000e+00	7	3	4
0	1.000000e+01	0.000000e+00	7	5	1
1	3.500000e+00	3.400000e+00	0	5	3
0	1.000000e+01	0.000000e+00	2	7	3
1	4.200000e+00	4.100000e+00	2	0	7
0	1.000000e+01	0.000000e+00	6	9	5
0	1.000000e+01	0.000000e+00	1	8	9
0	1.000000e+01	0.000000e+00	3	5	6
0	1.000000e+01	0.000000e+00	5	4	0
1	3.000000e+00	2.900000e+00	9	0	6
0	1.000000e+01	0.000000e+00	6	1	8
0	1.000000e+01	0.000000e+00	2	8	9
0	1.000000e+01	0.000000e+00	3	5	4
0	1.000000e+01	0.000000e+00	1	9	5
1	4.400000e+00	4.300000e+00	5	0	6
0	1.000000e+01	0.000000e+00	2	5	6
0	1.000000e+01	0.000000e+00	2	8	9
0	1.000000e+01	0.000000e+00	1	7	9
0	1.000000e+01	0.000000e+00	8	7	2
0	1.000000e+01	0.000000e+00	1	4	5
1	4.200000e+00	4.100000e+00	0	3	8
0	1.000000e+01	0.000000e+00	7	0	3
0	1.000000e+01	0.000000e+00	1	6	8
0	1.000000e+01	0.000000e+00	8	7	6
0	1.000000e+01	0.000000e+00	7	5	9
0	1.000000e+01	0.000000e+00	8	7	4
0	1.000000e+01	0.000000e+00	2	5	3
1	4.000000e+00	3.900000e+00	6	0	8
1	4.600000e+00	4.500000e+00	0	3	5
0	1.000000e+01	0.000000e+00	5	8	1
0	1.000000e+01	0.000000e+00	2	4	3
0	1.000000e+01	0.000000e+00	4	3	9
1	2.800000e+00	2.700000e+00	2	0	5
0	1.000000e+01	0.000000e+00	7	0	4
1	1.700000e+00	1.600000e+00	4	7	0
0	1.000000e+01	0.000000e+00	8	4	9
0	1.000000e+01	0.000000e+00	7	8	2
0	1.000000e+01	0.000000e+00	2	1	3
0	1.000000e+01	0.000000e+00	4	1	3
0	1.000000e+01	0.000000e+00	7	9	6
0	1.000000e+01	0.000000e+00	6	1	9
0	1.000000e+01	0.000000e+00	3	1	2
1	4.300000e+00	4.200000e+00	5	0	4
1	4.000000e+00	3.900000e+00	0	9	6
1	6.300000e+00	6.200000e+00	0	8	9
0	1.000000e+01	0.000000e+00	8	7	6
0	1.000000e+01	0.000000e+00	3	7	5
1	4.800000e+00	4.700000e+00	4	9	0
0	1.000000e+01	0.000000e+00	1	3	7
0	1.000000e+01	0.000000e+00	0	9	5
0	1.000000e+01	0.000000e+00	4	1	3
0	1.000000e+01	0.000000e+00	1	7	4
0	1.000000e+01	0.000000e+00	9	1	6
0	1.000000e+01	0.000000e+00	1	3	8
0	1.000000e+01	0.000000e+00	4	7	3
0	1.000000e+01	0.000000e+00	9	5	6
1	6.300000e+00	6.200000e+00	0	5	6
0	1.000000e+01	0.000000e+00	1	2	5
0	1.000000e+01	0.000000e+00	6	4	5
1	1.800000e+00	1.700000e+00	7	5	0
0	1.000000e+01	0.000000e+00	9	1	5
0	1.000000e+01	0.000000e+00	2	3	1
1	3.200000e+00	3.100000e+00	0	1	4
0	1.000000e+01	0.000000e+00	5	9	8
1	6.000000e+00	5.900000e+00	7	0	1
1	5.200000e+00	5.100000e+00	6	5	0
0	1.000000e+01	0.000000e+00	2	6	5
0	1.000000e+01	0.000000e+00	7	9	1
0	1.000000e+01	0.000000e+00	8	6	1
0	1.000000e+01	0.000000e+00	9	7	3
0	1.000000e+01	0.000000e+00	8	9	4
0	1.000000e+01	0.000000e+00	9	8	1
0	1.000000e+01	0.000000e+00	5	7	9
0	1.000000e+01	0.000000e+00	4	8	5
0	1.000000e+01	0.000000e+00	3	7	9
1	4.500000e+00	4.400000e+00	9	0	4
1	2.700000e+00	2.600000e+00	8	0	5
1	4.000000e+00	3.900000e+00	6	9	0
0	1.000000e+01	0.000000e+00	9	2	3
0	1.000000e+01	0.000000e+00	1	4	7
0	1.000000e+01	0.000000e+00	8	7	6
0	1.000000e+01	0.000000e+00	8	1	5
0	1.000000e+01	0.000000e+00	4	1	3
1	2.700000e+00	2.600000e+00	7	1	0
0	1.000000e+01	0.000000e+00	7	9	5
0	1.000000e+01	0.000000e+00	9	7	1
0	1.000000e+01	0.000000e+00	8	1	7
1	6.400000e+00	6.300000e+00	5	4	0
0	1.000000e+01	0.000000e+00	1	5	4
0	1.000000e+01	0.000000e+00	9	6	1
1	4.600000e+00	4.500000e+00	8	1	0
0	1.000000e+01	0.000000e+00	6	8	0
0	1.000000e+01	0.000000e+00	4	6	1
0	1.000000e+01	0.000000e+00	5	8	3
0	1.000000e+01	0.000000e+00	6	9	5
1	5.700000e+00	5.600000e+00	1	0	2
0	1.000000e+01	0.000000e+00	9	5	1
0	1.000000e+01	0.000000e+00	7	5	1
0	1.000000e+01	0.000000e+00	0	4	2
0	1.000000e+01	0.000000e+00	6	7	4
1	2.600000e+00	2.500000e+00	0	2	6
0	1.000000e+01	0.000000e+00	4	8	5
0	1.000000e+01	0.000000e+00	5	2	7
0	1.000000e+01	0.000000e+00	4	5	2
0	1.000000e+01	0.000000e+00	4	7	9
1	2.100000e+00	2.000000e+00	3	0	1
0	1.000000e+01	0.000000e+00	7	1	3
0	1.000000e+01	0.000000e+00	5	9	7
0	1.000000e+01	0.000000e+00	3	8	7
0	1.000000e+01	0.000000e+00	9	7	3
0	1.000000e+01	0.000000e+00	7	3	1
0	1.000000e+01	0.000000e+00	7	4	6
1	3.000000e+00	2.900000e+00	0	1	6
0	1.000000e+01	0.000000e+00	1	8	5
0	1.000000e+01	0.000000e+00	3	7	8
0	1.000000e+01	0.000000e+00	1	4	9
0	1.000000e+01	0.000000e+00	8	7	6
1	4.200000e+00	4.100000e+00	0	2	1
1	1.800000e+00	1.700000e+00	0	5	3
1	2.700000e+00	2.600000e+00	7	1	0
1	7.500000e+00	7.400000e+00	0	4	1
1	3.100000e+00	3.000000e+00	2	0	3
0	1.000000e+01	0.000000e+00	9	8	2
0	1.000000e+01	0.000000e+00	0	7	1
1	4.200000e+00	4.100000e+00	0	8	3
0	1.000000e+01	0.000000e+00	3	7	0
0	1.000000e+01	0.000000e+00	3	6	1
0	1.000000e+01	0.000000e+00	9	8	7
0	1.000000e+01	0.000000e+00	7	9	4
0	1.000000e+01	0.000000e+00	1	2	6
0	1.000000e+01	0.000000e+00	1	0	8
0	1.000000e+01	0.000000e+00	5	1	7
0	1.000000e+01	0.000000e+00	4	2	7
0	1.000000e+01	0.000000e+00	9	8	4
0	1.000000e+01	0.000000e+00	5	4	7
0	1.000000e+01	0.000000e+00	1	9	4
1	2.300000e+00	2.200000e+00	3	5	0
0	1.000000e+01	0.000000e+00	9	4	7
0	1.000000e+01	0.000000e+00	4	3	5
0	1.000000e+01	0.000000e+00	6	7	8
1	3.000000e+00	2.900000e+00	5	0	7
0	1.000000e+01	0.000000e+00	8	0	4
1	5.200000e+00	5.100000e+00	7	3	0
0	1.000000e+01	0.000000e+00	9	1	7
0	1.000000e+01	0.000000e+00	3	7	5
0	1.000000e+01	0.000000e+00	5	8	9
0	1.000000e+01	0.000000e+00	5	1	6
0	1.000000e+01	0.000000e+00	1	2	5
0	1.000000e+01	0.000000e+00	8	7	2
0	1.000000e+01	0.000000e+00	4	3	8
1	2.700000e+00	2.600000e+00	7	2	0
1	4.300000e+00	4.200000e+00	1	5	0
0	1.000000e+01	0.000000e+00	3	1	4
1	1.900000e+00	1.800000e+00	0	5	3
0	1.000000e+01	0.000000e+00	4	0	1
0	1.000000e+01	0.000000e+00	3	6	5
1	6.500000e+00	6.400000e+00	6	9	0
0	1.000000e+01	0.000000e+00	8	3	1
0	1.000000e+01	0.000000e+00	6	5	1
1	1.800000e+00	1.700000e+00	3	2	0
0	1.000000e+01	0.000000e+00	4	8	6
0	1.000000e+01	0.000000e+00	7	2	1
0	1.000000e+01	0.000000e+00	6	2	9
0	1.000000e+01	0.000000e+00	5	6	9
1	2.100000e+00	2.000000e+00	0	8	5
1	4.700000e+00	4.600000e+00	0	3	5
0	1.000000e+01	0.000000e+00	9	1	5
0	1.000000e+01	0.000000e+00	8	2	3
0	1.000000e+01	0.000000e+00	2	7	3
0	1.000000e+01	0.000000e+00	6	3	9
0	1.000000e+01	0.000000e+00	0	7	1
0	1.000000e+01	0.000000e+00	9	6	4
0	1.000000e+01	0.000000e+00	9	3	0
0	1.000000e+01	0.000000e+00	1	9	0
1	4.500000e+00	4.400000e+00	3	8	0
1	7.000000e+00	6.900000e+00	8	9	0
0	1.000000e+01	0.000000e+00	8	1	9
1	2.000000e+00	1.900000e+00	2	3	0
1	8.300000e+00	8.200000e+00	5	0	2
0	1.000000e+01	0.000000e+00	1	3	2
0	1.000000e+01	0.000000e+00	8	5	2
0	1.000000e+01	0.000000e+00	2	6	4
0	1.000000e+01	0.000000e+00	7	8	1
0	1.000000e+01	0.000000e+00	1	8	7
0	1.000000e+01	0.000000e+00	4	3	8
1	2.600000e+00	2.500000e+00	0	9	7
1	4.700000e+00	4.600000e+00	1	8	0
0	1.000000e+01	0.000000e+00	1	2	4
1	2.800000e+00	2.700000e+00	8	0	1
0	1.000000e+01	0.000000e+00	5	6	8
0	1.000000e+01	0.000000e+00	7	9	1
0	1.000000e+01	0.000000e+00	3	1	9
0	1.000000e+01	0.000000e+00	1	2	5
0	1.000000e+01	0.000000e+00	9	8	2
0	1.000000e+01	0.000000e+00	4	8	5
1	4.800000e+00	4.700000e+00	6	0	8
0	1.000000e+01	0.000000e+00	2	8	4
1	3.200000e+00	3.100000e+00	5	7	0
0	1.000000e+01	0.000000e+00	1	5	4
0	1.000000e+01	0.000000e+00	1	3	2
0	1.000000e+01	0.000000e+00	9	7	2
1	2.100000e+00	2.000000e+00	5	0	2
0	1.000000e+01	0.000000e+00	9	3	4
1	2.900000e+00	2.800000e+00	3	8	0
1	2.200000e+00	2.100000e+00	9	0	6
0	1.000000e+01	0.000000e+00	3	9	4
0	1.000000e+01	0.000000e+00	6	9	4
1	2.500000e+00	2.400000e+00	0	3	6
0	1.000000e+01	0.000000e+00	8	6	1
0	1.000000e+01	0.000000e+00	5	9	7
0	1.000000e+01	0.000000e+00	2	6	7
1	3.000000e+00	2.900000e+00	0	1	9
0	1.000000e+01	0.000000e+00	7	9	2
0	1.000000e+01	0.000000e+00	2	5	6
1	3.600000e+00	3.500000e+00	0	3	8
0	1.000000e+01	0.000000e+00	1	8	7
1	2.400000e+00	2.300000e+00	0	1	6
1	7.100000e+00	7.000000e+00	0	3	2
1	4.300000e+00	4.200000e+00	9	1	0
1	3.300000e+00	3.200000e+00	0	5	4
1	3.400000e+00	3.300000e+00	6	2	0
0	1.000000e+01	0.000000e+00	1	5	6
0	1.000000e+01	0.000000e+00	2	5	4
1	5.900000e+00	5.800000e+00	0	8	9
0	1.000000e+01	0.000000e+00	7	6	5
1	3.700000e+00	3.600000e+00	0	3	2
1	6.200000e+00	6.100000e+00	0	9	7
0	1.000000e+01	0.000000e+00	9	6	3
0	1.000000e+01	0.000000e+00	8	3	5
0	1.000000e+01	0.000000e+00	7	2	3
1	5.300000e+00	5.200000e+00	6	0	1
0	1.000000e+01	0.000000e+00	9	3	8
0	1.000000e+01	0.000000e+00	9	1	2
0	1.000000e+01	0.000000e+00	4	5	6
0	1.000000e+01	0.000000e+00	5	6	3
1	6.900000e+00	6.800000e+00	0	1	4
1	4.100000e+00	4.000000e+00	2	5	0
0	1.000000e+01	0.000000e+00	2	9	7
0	1.000000e+01	0.000000e+00	3	2	6
0	1.000000e+01	0.000000e+00	1	7	5
0	1.000000e+01	0.000000e+00	6	8	1
0	1.000000e+01	0.000000e+00	2	7	3
0	1.000000e+01	0.000000e+00	8	2	3
1	2.100000e+00	2.000000e+00	9	5	0
1	3.300000e+00	3.200000e+00	0	9	8
1	5.300000e+00	5.200000e+00	6	0	5
1	3.200000e+00	3.100000e+00	0	3	7
1	2.600000e+00	2.500000e+00	0	1	8
0	1.000000e+01	0.000000e+00	5	2	6
1	3.300000e+00	3.200000e+00	5	9	0
0	1.000000e+01	0.000000e+00	9	6	7
1	5.700000e+00	5.600000e+00	2	9	0
0	1.000000e+01	0.000000e+00	7	1	4
0	1.000000e+01	0.000000e+00	7	2	8
0	1.000000e+01	0.000000e+00	6	7	1
0	1.000000e+01	0.000000e+00	1	7	3
0	1.000000e+01	0.000000e+00	6	5	4
1	3.700000e+00	3.600000e+00	0	7	1
1	1.900000e+00	1.800000e+00	4	8	0
0	1.000000e+01	0.000000e+00	3	7	5
0	1.000000e+01	0.000000e+00	3	2	5
0	1.000000e+01	0.000000e+00	5	7	4
1	2.300000e+00	2.200000e+00	7	0	9
1	4.500000e+00	4.400000e+00	0	2	1
0	1.000000e+01	0.000000e+00	2	5	8
0	1.000000e+01	0.000000e+00	2	3	1
0	1.000000e+01	0.000000e+00	8	7	4
0	1.000000e+01	0.000000e+00	7	8	9
0	1.000000e+01	0.000000e+00	6	8	1
1	1.800000e+00	1.700000e+00	2	8	0
0	1.000000e+01	0.000000e+00	9	2	7
0	1.000000e+01	0.000000e+00	1	8	2
0	1.000000e+01	0.000000e+00	1	2	7
0	1.000000e+01	0.000000e+00	3	1	2
0	1.000000e+01	0.000000e+00	8	9	5
0	1.000000e+01	0.000000e+00	3	1	5
0	1.000000e+01	0.000000e+00	9	5	2
0	1.000000e+01	0.000000e+00	8	2	1
0	1.000000e+01	0.000000e+00	9	2	8
0	1.000000e+01	0.000000e+00	8	5	7
0	1.000000e+01	0.000000e+00	8	6	7
0	1.000000e+01	0.000000e+00	8	4	3
1	2.800000e+00	2.700000e+00	0	8	1
1	1.800000e+00	1.700000e+00	0	3	9
0	1.000000e+01	0.000000e+00	3	5	9
0	1.000000e+01	0.000000e+00	9	4	7
0	1.000000e+01	0.000000e+00	7	1	0
0	1.000000e+01	0.000000e+00	7	9	6
1	3.400000e+00	3.300000e+00	0	6	5
0	1.000000e+01	0.000000e+00	3	1	7
0	1.000000e+01	0.000000e+00	3	9	2
0	1.000000e+01	0.000000e+00	9	7	1
1	2.000000e+00	1.900000e+00	7	6	0
0	1.000000e+01	0.000000e+00	4	9	1
1	2.300000e+00	2.200000e+00	0	6	9
0	1.000000e+01	0.000000e+00	1	2	6
0	1.000000e+01	0.000000e+00	7	8	4
0	1.000000e+01	0.000000e+00	1	5	8
0	1.000000e+01	0.000000e+00	6	7	1
0	1.000000e+01	0.000000e+00	8	6	4
0	1.000000e+01	0.000000e+00	1	8	5
1	4.600000e+00	4.500000e+00	5	0	3
0	1.000000e+01	0.000000e+00	4	9	7
0	1.000000e+01	0.000000e+00	9	6	3
0	1.000000e+01	0.000000e+00	2	6	7
0	1.000000e+01	0.000000e+00	4	8	7
0	1.000000e+01	0.000000e+00	6	4	2
1	2.100000e+00	2.000000e+00	6	7	0
0	1.000000e+01	0.000000e+00	3	7	2
0	1.000000e+01	0.000000e+00	6	3	4
0	1.000000e+01	0.000000e+00	5	2	7
0	1.000000e+01	0.000000e+00	1	8	7
1	1.900000e+00	1.800000e+00	2	0	4
0	1.000000e+01	0.000000e+00	8	7	4
0	1.000000e+01	0.000000e+00	9	7	5
0	1.000000e+01	0.000000e+00	4	1	7
0	1.000000e+01	0.000000e+00	4	9	6
1	2.300000e+00	2.200000e+00	0	2	5
0	1.000000e+01	0.000000e+00	8	6	5
0	1.000000e+01	0.000000e+00	9	0	6
1	3.500000e+00	3.400000e+00	5	0	2
0	1.000000e+01	0.000000e+00	3	4	8
1	5.000000e+00	4.900000e+00	5	7	0
1	1.700000e+00	1.600000e+00	2	9	0
0	1.000000e+01	0.000000e+00	7	4	9
1	6.900000e+00	6.800000e+00	3	0	2
0	1.000000e+01	0.000000e+00	5	8	7
0	1.000000e+01	0.000000e+00	3	9	2
0	1.000000e+01	0.000000e+00	6	9	4
0	1.000000e+01	0.000000e+00	7	5	6
1	5.900000e+00	5.800000e+00	0	5	1
1	2.600000e+00	2.500000e+00	8	0	6
0	1.000000e+01	0.000000e+00	7	8	6
0	1.000000e+01	0.000000e+00	9	1	8
0	1.000000e+01	0.000000e+00	7	8	5
0	1.000000e+01	0.000000e+00	1	5	8
0	1.000000e+01	0.000000e+00	2	3	8
0	1.000000e+01	0.000000e+00	2	3	5
0	1.000000e+01	0.000000e+00	9	4	8
0	1.000000e+01	0.000000e+00	5	4	9
0	1.000000e+01	0.000000e+00	1	5	7
0	1.000000e+01	0.000000e+00	5	9	2
0	1.000000e+01	0.000000e+00	5	8	9
0	1.000000e+01	0.000000e+00	3	4	9
0	1.000000e+01	0.000000e+00	6	2	1
1	3.000000e+00	2.900000e+00	0	9	7
0	1.000000e+01	0.000000e+00	7	4	3
0	1.000000e+01	0.000000e+00	3	4	5
0	1.000000e+01	0.000000e+00	9	5	8
0	1.000000e+01	0.000000e+00	0	1	4
0	1.000000e+01	0.000000e+00	1	3	4
0	1.000000e+01	0.000000e+00	8	5	7
0	1.000000e+01	0.000000e+00	3	4	9
0	1.000000e+01	0.000000e+00	3	4	5
1	6.700000e+00	6.600000e+00	3	0	8
0	1.000000e+01	0.000000e+00	4	5	9
0	1.000000e+01	0.000000e+00	2	9	7
0	1.000000e+01	0.000000e+00	4	3	8
0	1.000000e+01	0.000000e+00	3	2	8
0	1.000000e+01	0.000000e+00	6	2	3
0	1.000000e+01	0.000000e+00	8	9	7
0	1.000000e+01	0.000000e+00	7	8	4
0	1.000000e+01	0.000000e+00	6	3	1
0	1.000000e+01	0.000000e+00	1	8	9
0	1.000000e+01	0.000000e+00	3	9	5
0	1.000000e+01	0.000000e+00	0	4	3
0	1.000000e+01	0.000000e+00	6	1	9
1	1.900000e+00	1.800000e+00	0	3	9
1	3.900000e+00	3.800000e+00	8	1	0
0	1.000000e+01	0.000000e+00	5	7	6
1	2.800000e+00	2.700000e+00	0	7	6
1	3.100000e+00	3.000000e+00	1	8	0
0	1.000000e+01	0.000000e+00	1	8	7
0	1.000000e+01	0.000000e+00	7	8	6
0	1.000000e+01	0.000000e+00	9	8	2
0	1.000000e+01	0.000000e+00	1	8	9
1	4.700000e+00	4.600000e+00	1	0	4
0	1.000000e+01	0.000000e+00	7	2	6
0	1.000000e+01	0.000000e+00	4	2	3
0	1.000000e+01	0.000000e+00	6	4	3
1	7.300000e+00	7.200000e+00	4	0	9
0	1.000000e+01	0.000000e+00	4	9	7
0	1.000000e+01	0.000000e+00	9	4	0
0	1.000000e+01	0.000000e+00	7	5	2
0	1.000000e+01	0.000000e+00	5	7	4
0	1.000000e+01	0.000000e+00	1	7	8
0	1.000000e+01	0.000000e+00	4	7	8
1	6.200000e+00	6.100000e+00	3	0	4
0	1.000000e+01	0.000000e+00	1	6	5
1	5.000000e+00	4.900000e+00	7	0	8
0	1.000000e+01	0.000000e+00	2	7	9
0	1.000000e+01	0.000000e+00	3	9	0
0	1.000000e+01	0.000000e+00	6	8	7
0	1.000000e+01	0.000000e+00	5	9	8
0	1.000000e+01	0.000000e+00	7	2	4
0	1.000000e+01	0.000000e+00	7	1	4
0	1.000000e+01	0.000000e+00	7	5	3
1	1.900000e+00	1.800000e+00	0	1	3
0	1.000000e+01	0.000000e+00	1	3	2
0	1.000000e+01	0.000000e+00	5	6	8
0	1.000000e+01	0.000000e+00	3	1	2
0	1.000000e+01	0.000000e+00	4	7	1
0	1.000000e+01	0.000000e+00	6	5	7
0	1.000000e+01	0.000000e+00	9	4	2
0	1.000000e+01	0.000000e+00	7	9	2
1	7.400000e+00	7.300000e+00	7	3	0
0	1.000000e+01	0.000000e+00	4	3	5
1	2.100000e+00	2.000000e+00	9	6	0
0	1.000000e+01	0.000000e+00	1	4	6
1	2.600000e+00	2.500000e+00	4	0	2
0	1.000000e+01	0.000000e+00	7	6	4
0	1.000000e+01	0.000000e+00	8	1	4
0	1.000000e+01	0.000000e+00	8	4	9
0	1.000000e+01	0.000000e+00	2	6	4
0	1.000000e+01	0.000000e+00	9	2	1
0	1.000000e+01	0.000000e+00	9	2	6
1	4.200000e+00	4.100000e+00	0	9	3
0	1.000000e+01	0.000000e+00	3	8	0
1	2.100000e+00	2.000000e+00	0	4	6
1	1.800000e+00	1.700000e+00	9	3	0
0	1.000000e+01	0.000000e+00	5	3	2
0	1.000000e+01	0.000000e+00	9	4	2
0	1.000000e+01	0.000000e+00	6	2	4
1	7.100000e+00	7.000000e+00	0	7	5
0	1.000000e+01	0.000000e+00	6	8	2
0	1.000000e+01	0.000000e+00	1	6	3
0	1.000000e+01	0.000000e+00	9	2	7
1	2.300000e+00	2.200000e+00	1	0	8
0	1.000000e+01	0.000000e+00	5	4	2
0	1.000000e+01	0.000000e+00	1	7	2
0	1.000000e+01	0.000000e+00	4	2	1
0	1.000000e+01	0.000000e+00	6	9	3
0	1.000000e+01	0.000000e+00	0	5	9
0	1.000000e+01	0.000000e+00	7	4	1
0	1.000000e+01	0.000000e+00	4	1	7
0	1.000000e+01	0.000000e+00	3	7	9
0	1.000000e+01	0.000000e+00	3	2	8
1	2.000000e+00	1.900000e+00	6	2	0
0	1.000000e+01	0.000000e+00	5	7	2
0	1.000000e+01	0.000000e+00	2	5	4
0	1.000000e+01	0.000000e+00	5	7	8
0	1.000000e+01	0.000000e+00	2	8	1
1	2.800000e+00	2.700000e+00	3	5	0
0	1.000000e+01	0.000000e+00	1	9	7
0	1.000000e+01	0.000000e+00	3	1	9
0	1.000000e+01	0.000000e+00	8	7	6
1	3.300000e+00	3.200000e+00	8	2	0
0	1.000000e+01	0.000000e+00	4	9	8
0	1.000000e+01	0.000000e+00	8	3	5
0	1.000000e+01	0.000000e+00	2	3	5
1	3.600000e+00	3.500000e+00	3	0	2
0	1.000000e+01	0.000000e+00	2	1	8
1	1.800000e+00	1.700000e+00	0	5	2
0	1.000000e+01	0.000000e+00	3	6	2
0	1.000000e+01	0.000000e+00	5	1	3
0	1.000000e+01	0.000000e+00	1	5	4
1	2.300000e+00	2.200000e+00	1	3	0
0	1.000000e+01	0.000000e+00	1	7	9
0	1.000000e+01	0.000000e+00	2	6	1
1	3.400000e+00	3.300000e+00	0	5	2
1	3.700000e+00	3.600000e+00	7	4	0
0	1.000000e+01	0.000000e+00	9	8	3
0	1.000000e+01	0.000000e+00	1	5	9
0	1.000000e+01	0.000000e+00	1	9	8
0	1.000000e+01	0.000000e+00	3	7	1
1	6.900000e+00	6.800000e+00	0	8	9
0	1.000000e+01	0.000000e+00	1	2	9
0	1.000000e+01	0.000000e+00	6	2	9
0	1.000000e+01	0.000000e+00	2	5	0
0	1.000000e+01	0.000000e+00	6	5	7
0	1.000000e+01	0.000000e+00	7	5	4
1	1.800000e+00	1.700000e+00	0	8	7
0	1.000000e+01	0.000000e+00	2	7	1
0	1.000000e+01	0.000000e+00	4	1	6
0	1.000000e+01	0.000000e+00	5	9	3
0	1.000000e+01	0.000000e+00	1	5	9
0	1.000000e+01	0.000000e+00	5	6	1
0	1.000000e+01	0.000000e+00	1	5	6
0	1.000000e+01	0.000000e+00	6	5	8
0	1.000000e+01	0.000000e+00	2	1	5
0	1.000000e+01	0.000000e+00	7	3	8
0	1.000000e+01	0.000000e+00	4	6	2
0	1.000000e+01	0.000000e+00	1	9	8
0	1.000000e+01	0.000000e+00	4	3	7
0	1.000000e+01	0.000000e+00	2	7	8
1	5.000000e+00	4.900000e+00	7	0	8
1	2.300000e+00	2.200000e+00	0	6	1
1	3.200000e+00	3.100000e+00	3	0	6
0	1.000000e+01	0.000000e+00	0	2	7
0	1.000000e+01	0.000000e+00	7	6	4
0	1.000000e+01	0.000000e+00	5	1	9
0	1.000000e+01	0.000000e+00	6	2	9
0	1.000000e+01	0.000000e+00	5	2	3
0	1.000000e+01	0.000000e+00	1	7	6
0	1.000000e+01	0.000000e+00	8	5	6
0	1.000000e+01	0.000000e+00	9	3	6
0	1.000000e+01	0.000000e+00	8	7	3
0	1.000000e+01	0.000000e+00	5	2	6
0	1.000000e+01	0.000000e+00	6	3	4
0	1.000000e+01	0.000000e+00	9	3	4
0	1.000000e+01	0.000000e+00	8	1	5
1	3.900000e+00	3.800000e+00	0	8	6
0	1.000000e+01	0.000000e+00	6	3	1
1	2.400000e+00	2.300000e+00	1	0	6
0	1.000000e+01	0.000000e+00	7	3	2
0	1.000000e+01	0.000000e+00	4	1	3
0	1.000000e+01	0.000000e+00	8	9	1
0	1.000000e+01	0.000000e+00	3	5	9
1	2.400000e+00	2.300000e+00	6	0	7
1	5.400000e+00	5.300000e+00	2	8	0
0	1.000000e+01	0.000000e+00	5	8	0
1	3.000000e+00	2.900000e+00	0	3	6
0	1.000000e+01	0.000000e+00	8	3	1
0	1.000000e+01	0.000000e+00	5	6	1
0	1.000000e+01	0.000000e+00	3	8	2
0	1.000000e+01	0.000000e+00	5	2	4
0	1.000000e+01	0.000000e+00	5	9	3
0	1.000000e+01	0.000000e+00	7	6	9
1	6.000000e+00	5.900000e+00	2	0	4
0	1.000000e+01	0.000000e+00	7	3	5
0	1.000000e+01	0.000000e+00	8	1	2
0	1.000000e+01	0.000000e+00	1	9	5
0	1.000000e+01	0.000000e+00	2	6	3
1	2.600000e+00	2.500000e+00	4	0	5
1	2.200000e+00	2.100000e+00	1	4	0
1	5.100000e+00	5.000000e+00	5	0	8
1	1.900000e+00	1.800000e+00	0	4	2
0	1.000000e+01	0.000000e+00	9	5	7
0	1.000000e+01	0.000000e+00	2	7	9
0	1.000000e+01	0.000000e+00	7	8	6
1	1.900000e+00	1.800000e+00	5	0	6
0	1.000000e+01	0.000000e+00	2	6	1
0	1.000000e+01	0.000000e+00	7	3	8
0	1.000000e+01	0.000000e+00	6	5	3
0	1.000000e+01	0.000000e+00	3	2	6
0	1.000000e+01	0.000000e+00	3	4	8
1	6.200000e+00	6.100000e+00	0	4	2
0	1.000000e+01	0.000000e+00	6	7	4
0	1.000000e+01	0.000000e+00	4	7	6
0	1.000000e+01	0.000000e+00	7	8	5
0	1.000000e+01	0.000000e+00	1	9	5
1	4.900000e+00	4.800000e+00	8	1	0
0	1.000000e+01	0.000000e+00	3	1	2
1	6.900000e+00	6.800000e+00	0	2	4
0	1.000000e+01	0.000000e+00	5	8	7
0	1.000000e+01	0.000000e+00	2	9	7
1	3.500000e+00	3.400000e+00	7	2	0
0	1.000000e+01	0.000000e+00	2	4	9
0	1.000000e+01	0.000000e+00	6	4	8
0	1.000000e+01	0.000000e+00	9	5	1
1	3.500000e+00	3.400000e+00	5	2	0
0	1.000000e+01	0.000000e+00	3	8	7
1	3.300000e+00	3.200000e+00	2	3	0
1	2.800000e+00	2.700000e+00	7	4	0
0	1.000000e+01	0.000000e+00	2	6	4
0	1.000000e+01	0.000000e+00	6	8	5
0	1.000000e+01	0.000000e+00	7	5	9
0	1.000000e+01	0.000000e+00	8	7	6
0	1.000000e+01	0.000000e+00	2	6	7
0	1.000000e+01	0.000000e+00	7	5	3
0	1.000000e+01	0.000000e+00	6	3	1
0	1.000000e+01	0.000000e+00	2	7	1
1	3.000000e+00	2.900000e+00	5	4	0
0	1.000000e+01	0.000000e+00	2	6	3
0	1.000000e+01	0.000000e+00	4	2	1
0	1.000000e+01	0.000000e+00	1	5	9
1	3.500000e+00	3.400000e+00	0	1	4
1	4.900000e+00	4.800000e+00	9	4	0
0	1.000000e+01	0.000000e+00	8	7	4
0	1.000000e+01	0.000000e+00	9	4	5
0	1.000000e+01	0.000000e+00	2	7	8
0	1.000000e+01	0.000000e+00	1	8	3
0	1.000000e+01	0.000000e+00	2	5	6
0	1.000000e+01	0.000000e+00	6	7	9
0	1.000000e+01	0.000000e+00	1	9	6
1	5.300000e+00	5.200000e+00	8	5	0
0	1.000000e+01	0.000000e+00	7	5	4
0	1.000000e+01	0.000000e+00	7	8	5
0	1.000000e+01	0.000000e+00	2	6	9
0	1.000000e+01	0.000000e+00	1	7	4
0	1.000000e+01	0.000000e+00	6	5	3
1	2.000000e+00	1.900000e+00	0	8	7
0	1.000000e+01	0.000000e+00	6	8	3
0	1.000000e+01	0.000000e+00	1	2	6
0	1.000000e+01	0.000000e+00	4	1	9
1	3.700000e+00	3.600000e+00	7	0	3
0	1.000000e+01	0.000000e+00	9	7	4
0	1.000000e+01	0.000000e+00	9	5	2
0	1.000000e+01	0.000000e+00	5	9	2
0	1.000000e+01	0.000000e+00	0	1	4
0	1.000000e+01	0.000000e+00	3	9	5
0	1.000000e+01	0.000000e+00	7	5	6
0	1.000000e+01	0.000000e+00	9	5	3
1	3.300000e+00	3.200000e+00	4	0	3
0	1.000000e+01	0.000000e+00	1	3	5
1	5.000000e+00	4.900000e+00	1	5	0
0	1.000000e+01	0.000000e+00	8	3	9
0	1.000000e+01	0.000000e+00	9	6	1
0	1.000000e+01	0.000000e+00	3	4	9
0	1.000000e+01	0.000000e+00	2	7	8
0	1.000000e+01	0.000000e+00	3	2	9
0	1.000000e+01	0.000000e+00	7	8	5
0	1.000000e+01	0.000000e+00	0	9	5
1	4.100000e+00	4.000000e+00	0	4	9
0	1.000000e+01	0.000000e+00	7	2	4
1	3.600000e+00	3.500000e+00	5	0	4
1	4.700000e+00	4.600000e+00	0	5	6
0	1.000000e+01	0.000000e+00	2	3	5
0	1.000000e+01	0.000000e+00	8	1	4
1	3.000000e+00	2.900000e+00	1	2	0
0	1.000000e+01	0.000000e+00	2	3	4
1	1.700000e+00	1.600000e+00	0	7	1
0	1.000000e+01	0.000000e+00	3	1	8
0	1.000000e+01	0.000000e+00	9	8	3
1	6.100000e+00	6.000000e+00	0	8	5
0	1.000000e+01	0.000000e+00	5	7	6
0	1.000000e+01	0.000000e+00	0	7	1
0	1.000000e+01	0.000000e+00	6	9	1
0	1.000000e+01	0.000000e+00	5	7	8
0	1.000000e+01	0.000000e+00	9	2	4
0	1.000000e+01	0.000000e+00	5	1	7
1	2.400000e+00	2.300000e+00	8	6	0
0	1.000000e+01	0.000000e+00	1	5	6
0	1.000000e+01	0.000000e+00	8	9	2
0	1.000000e+01	0.000000e+00	2	0	4
1	3.800000e+00	3.700000e+00	9	6	0
1	3.400000e+00	3.300000e+00	3	0	1
0	1.000000e+01	0.000000e+00	3	1	5
0	1.000000e+01	0.000000e+00	8	7	3
1	2.300000e+00	2.200000e+00	1	3	0
0	1.000000e+01	0.000000e+00	3	9	2
0	1.000000e+01	0.000000e+00	2	3	4
0	1.000000e+01	0.000000e+00	1	6	4
1	5.900000e+00	5.800000e+00	0	8	9
1	4.000000e+00	3.900000e+00	0	3	6
1	5.500000e+00	5.400000e+00	1	4	0
0	1.000000e+01	0.000000e+00	2	5	3
0	1.000000e+01	0.000000e+00	4	7	8
0	1.000000e+01	0.000000e+00	3	1	6
0	1.000000e+01	0.000000e+00	7	4	6
1	4.500000e+00	4.400000e+00	0	6	7
0	1.000000e+01	0.000000e+00	0	2	4
1	1.700000e+00	1.600000e+00	0	1	8
0	1.000000e+01	0.000000e+00	5	1	6
0	1.000000e+01	0.000000e+00	4	3	2
0	1.000000e+01	0.000000e+00	4	7	5
0	1.000000e+01	0.000000e+00	5	1	7
0	1.000000e+01	0.000000e+00	9	7	4
0	1.000000e+01	0.000000e+00	2	9	8
0	1.000000e+01	0.000000e+00	3	5	1
0	1.000000e+01	0.000000e+00	8	3	2
0	1.000000e+01	0.000000e+00	8	2	3
0	1.000000e+01	0.000000e+00	2	9	8
0	1.000000e+01	0.000000e+00	8	1	2
0	1.000000e+01	0.000000e+00	8	7	6
0	1.000000e+01	0.000000e+00	7	4	1
1	7.000000e+00	6.900000e+00	5	0	3
0	1.000000e+01	0.000000e+00	5	2	4
0	1.000000e+01	0.000000e+00	6	4	5
0	1.000000e+01	0.000000e+00	7	4	2
1	4.600000e+00	4.500000e+00	9	0	5
0	1.000000e+01	0.000000e+00	7	3	8
0	1.000000e+01	0.000000e+00	8	5	7
0	1.000000e+01	0.000000e+00	6	9	3
1	9.700000e+00	9.600000e+00	6	0	9
0	1.000000e+01	0.000000e+00	2	6	9
0	1.000000e+01	0.000000e+00	7	2	6
0	1.000000e+01	0.000000e+00	4	8	2
1	5.200000e+00	5.100000e+00	0	6	8
0	1.000000e+01	0.000000e+00	2	8	9
0	1.000000e+01	0.000000e+00	2	4	6
0	1.000000e+01	0.000000e+00	3	9	6
0	1.000000e+01	0.000000e+00	8	6	7
1	5.000000e+00	4.900000e+00	6	1	0
0	1.000000e+01	0.000000e+00	6	7	5
1	3.500000e+00	3.400000e+00	7	0	6
0	1.000000e+01	0.000000e+00	1	8	2
0	1.000000e+01	0.000000e+00	4	8	9
0	1.000000e+01	0.000000e+00	4	1	3
0	1.000000e+01	0.000000e+00	3	5	8
0	1.000000e+01	0.000000e+00	7	5	4
0	1.000000e+01	0.000000e+00	7	9	6
0	1.000000e+01	0.000000e+00	4	3	1
0	1.000000e+01	0.000000e+00	4	2	8
0	1.000000e+01	0.000000e+00	8	1	6
1	1.900000e+00	1.800000e+00	0	2	3
1	4.200000e+00	4.100000e+00	7	8	0
0	1.000000e+01	0.000000e+00	5	9	3
0	1.000000e+01	0.000000e+00	6	3	5
0	1.000000e+01	0.000000e+00	8	5	2
0	1.000000e+01	0.000000e+00	8	1	7
0	1.000000e+01	0.000000e+00	6	7	9
0	1.000000e+01	0.000000e+00	4	3	1
1	6.200000e+00	6.100000e+00	7	6	0
1	2.600000e+00	2.500000e+00	4	0	7
0	1.000000e+01	0.000000e+00	6	7	8
0	1.000000e+01	0.000000e+00	2	4	9
1	7.000000e+00	6.900000e+00	6	2	0
0	1.000000e+01	0.000000e+00	5	7	3
0	1.000000e+01	0.000000e+00	7	9	4
0	1.000000e+01	0.000000e+00	8	7	3
0	1.000000e+01	0.000000e+00	7	9	3
0	1.000000e+01	0.000000e+00	3	5	6
0	1.000000e+01	0.000000e+00	5	8	6
0	1.000000e+01	0.000000e+00	9	7	8
0	1.000000e+01	0.000000e+00	8	2	6
0	1.000000e+01	0.000000e+00	1	2	7
0	1.000000e+01	0.000000e+00	1	7	8
0	1.000000e+01	0.000000e+00	6	7	2
0	1.000000e+01	0.000000e+00	5	3	2
0	1.000000e+01	0.000000e+00	6	8	2
0	1.000000e+01	0.000000e+00	5	1	9
0	1.000000e+01	0.000000e+00	5	7	6
0	1.000000e+01	0.000000e+00	7	3	8
0	1.000000e+01	0.000000e+00	4	2	7
0	1.000000e+01	0.000000e+00	7	5	6
0	1.000000e+01	0.000000e+00	2	1	3
1	4.100000e+00	4.000000e+00	0	6	7
0	1.000000e+01	0.000000e+00	8	2	3
0	1.000000e+01	0.000000e+00	4	5	8
1	2.200000e+00	2.100000e+00	6	9	0
1	4.400000e+00	4.300000e+00	0	9	6
0	1.000000e+01	0.000000e+00	4	1	2
1	3.100000e+00	3.000000e+00	0	9	3
0	1.000000e+01	0.000000e+00	3	1	2
0	1.000000e+01	0.000000e+00	5	4	1
1	3.100000e+00	3.000000e+00	9	8	0
0	1.000000e+01	0.000000e+00	1	3	8
0	1.000000e+01	0.000000e+00	9	8	5
0	1.000000e+01	0.000000e+00	1	8	3
1	2.900000e+00	2.800000e+00	0	5	2
0	1.000000e+01	0.000000e+00	1	7	2
1	2.400000e+00	2.300000e+00	0	3	8
0	1.000000e+01	0.000000e+00	9	1	2
0	1.000000e+01	0.000000e+00	4	3	7
1	2.800000e+00	2.700000e+00	8	0	9
0	1.000000e+01	0.000000e+00	8	6	2
1	4.400000e+00	4.300000e+00	6	0	7
1	3.100000e+00	3.000000e+00	6	4	0
0	1.000000e+01	0.000000e+00	2	6	8
0	1.000000e+01	0.000000e+00	2	6	5
0	1.000000e+01	0.000000e+00	2	1	6
0	1.000000e+01	0.000000e+00	5	8	6
1	3.900000e+00	3.800000e+00	0	9	5
0	1.000000e+01	0.000000e+00	7	6	9
0	1.000000e+01	0.000000e+00	3	5	9
0	1.000000e+01	0.000000e+00	7	5	1
1	2.100000e+00	2.000000e+00	9	0	5
1	2.900000e+00	2.800000e+00	1	0	3
0	1.000000e+01	0.000000e+00	3	7	2
0	1.000000e+01	0.000000e+00	8	7	9
0	1.000000e+01	0.000000e+00	9	6	8
0	1.000000e+01	0.000000e+00	2	1	7
0	1.000000e+01	0.000000e+00	5	4	1
0	1.000000e+01	0.000000e+00	6	0	1
0	1.000000e+01	0.000000e+00	9	1	8
1	3.300000e+00	3.200000e+00	6	0	3
0	1.000000e+01	0.000000e+00	0	8	5
0	1.000000e+01	0.000000e+00	6	9	3
0	1.000000e+01	0.000000e+00	4	8	6
0	1.000000e+01	0.000000e+00	2	1	9
0	1.000000e+01	0.000000e+00	3	1	6
1	5.900000e+00	5.800000e+00	8	1	0
0	1.000000e+01	0.000000e+00	4	3	7
0	1.000000e+01	0.000000e+00	1	2	8
1	6.200000e+00	6.100000e+00	9	0	5
0	1.000000e+01	0.000000e+00	5	9	7
0	1.000000e+01	0.000000e+00	3	9	2
0	1.000000e+01	0.000000e+00	5	6	9
0	1.000000e+01	0.000000e+00	6	2	3
0	1.000000e+01	0.000000e+00	2	4	1
0	1.000000e+01	0.000000e+00	3	8	4
0	1.000000e+01	0.000000e+00	4	3	7
0	1.000000e+01	0.000000e+00	2	6	7
0	1.000000e+01	0.000000e+00	7	8	1
